0 0.58281 0.30469 0.03750 0.11979
0 0.61094 0.77344 0.03438 0.11979
0 0.26875 0.33594 0.03438 0.14583
0 0.40469 0.15885 0.03125 0.13021
0 0.57656 0.59375 0.03750 0.12500
0 0.23750 0.64844 0.02813 0.12500
0 0.54844 0.29948 0.03750 0.15365
0 0.48750 0.38281 0.03125 0.14844
0 0.37344 0.63542 0.03594 0.12500
0 0.83125 0.19010 0.03125 0.13281
0 0.72813 0.56771 0.02813 0.12500
0 0.34219 0.45052 0.03750 0.15885
0 0.60938 0.45052 0.03750 0.14062
0 0.09844 0.54688 0.03438 0.12500
0 0.90938 0.44010 0.03438 0.12500
1 0.47031 0.49479 0.03125 0.13542
2 0.27500 0.39583 0.02344 0.03906
