0 0.37812 0.57292 0.03906 0.12240
0 0.61875 0.20052 0.03281 0.14323
0 0.30625 0.65365 0.02969 0.15365
0 0.20312 0.66146 0.02969 0.15625
0 0.25781 0.61719 0.03438 0.11979
0 0.16094 0.37240 0.02813 0.14323
0 0.42344 0.44271 0.03125 0.13802
0 0.54844 0.42969 0.03125 0.13281
0 0.26406 0.20833 0.03750 0.13802
0 0.52187 0.76302 0.03125 0.13802
0 0.49375 0.58073 0.03438 0.15625
0 0.32812 0.59896 0.02813 0.15625
0 0.10625 0.53385 0.03438 0.12500
0 0.91250 0.44792 0.03438 0.12500
1 0.36094 0.50260 0.03125 0.13542
2 0.46250 0.59896 0.01953 0.03255
