0 0.77656 0.63542 0.04063 0.15365
0 0.78906 0.76042 0.04063 0.15625
0 0.84219 0.26042 0.03906 0.15625
0 0.33125 0.65625 0.03281 0.14062
0 0.73750 0.67448 0.04063 0.15885
0 0.62500 0.31510 0.03438 0.15625
0 0.18594 0.63021 0.03438 0.13802
0 0.39219 0.36719 0.04063 0.12500
0 0.23438 0.25521 0.03281 0.15104
0 0.67969 0.25781 0.03281 0.12500
0 0.45625 0.42708 0.03594 0.15625
0 0.45625 0.19531 0.03281 0.15365
0 0.43594 0.75781 0.02813 0.15104
0 0.12500 0.42188 0.03438 0.12500
0 0.89375 0.47135 0.03438 0.12500
1 0.63281 0.46615 0.03125 0.13542
2 0.52187 0.56510 0.02344 0.03906
