0 0.46094 0.39844 0.04063 0.13281
0 0.73438 0.46875 0.02969 0.11979
0 0.59375 0.20052 0.02813 0.14062
0 0.29688 0.18229 0.02813 0.15104
0 0.52969 0.34635 0.04063 0.15365
0 0.46250 0.62240 0.03750 0.12500
0 0.63594 0.51302 0.04063 0.13021
0 0.19062 0.36198 0.02969 0.16146
0 0.28750 0.69271 0.03125 0.14583
0 0.43750 0.54688 0.02969 0.14323
0 0.68281 0.44531 0.03281 0.12240
0 0.32031 0.21354 0.03750 0.12760
0 0.48750 0.56250 0.02813 0.14323
0 0.09531 0.44010 0.03438 0.12500
0 0.85938 0.53906 0.03438 0.12500
1 0.38750 0.67448 0.03125 0.13542
2 0.19531 0.31510 0.01953 0.03255
