0 0.60313 0.36979 0.03906 0.11979
0 0.21406 0.77344 0.03594 0.14323
0 0.31562 0.19271 0.03281 0.12500
0 0.19219 0.64323 0.03906 0.12500
0 0.73281 0.51042 0.03125 0.13021
0 0.50469 0.78646 0.04063 0.13281
0 0.33594 0.50781 0.03750 0.13542
0 0.55625 0.65885 0.03281 0.14323
0 0.44375 0.60156 0.03594 0.15625
0 0.84375 0.50000 0.03906 0.12760
0 0.32188 0.30469 0.02969 0.14583
0 0.14062 0.54688 0.04063 0.13802
0 0.13594 0.45833 0.03438 0.12500
0 0.85938 0.43229 0.03438 0.12500
1 0.61562 0.62760 0.03125 0.13542
2 0.23438 0.35938 0.01562 0.02604
