0 0.77187 0.22917 0.03594 0.13281
0 0.70937 0.46094 0.03438 0.13281
0 0.13594 0.64583 0.03594 0.14323
0 0.57812 0.60417 0.03281 0.13281
0 0.61250 0.72656 0.03750 0.15365
0 0.38594 0.21354 0.03750 0.12760
0 0.27187 0.24740 0.03906 0.14583
0 0.32344 0.15885 0.03438 0.15104
0 0.31250 0.45312 0.03438 0.14583
0 0.36562 0.54427 0.02813 0.14062
0 0.64687 0.39583 0.03281 0.12240
0 0.65781 0.23438 0.03906 0.14323
0 0.09375 0.48698 0.03438 0.12500
0 0.90938 0.57552 0.03438 0.12500
1 0.61406 0.72135 0.03125 0.13542
2 0.43594 0.66667 0.01562 0.02604
