0 0.81250 0.37500 0.02969 0.16146
0 0.31406 0.34115 0.03906 0.13542
0 0.55625 0.24219 0.03906 0.13802
0 0.75156 0.47135 0.03750 0.13542
0 0.20000 0.21875 0.03750 0.14844
0 0.45312 0.46615 0.02813 0.12760
0 0.17344 0.42448 0.03594 0.12760
0 0.32344 0.28385 0.03281 0.15625
0 0.23594 0.43750 0.03125 0.14062
0 0.49375 0.32031 0.02969 0.15625
0 0.77031 0.72917 0.04063 0.12760
0 0.08281 0.52865 0.03438 0.12500
0 0.91250 0.55990 0.03438 0.12500
1 0.33750 0.26823 0.03125 0.13542
2 0.78906 0.77344 0.01562 0.02604
