0 0.21563 0.72396 0.04063 0.13542
0 0.46875 0.45573 0.03281 0.15365
0 0.39531 0.70573 0.03906 0.15104
0 0.45625 0.64062 0.02969 0.14583
0 0.46563 0.36458 0.03438 0.14844
0 0.24688 0.61198 0.03906 0.12500
0 0.19687 0.70833 0.02969 0.12500
0 0.20156 0.65104 0.03594 0.13021
0 0.56875 0.19531 0.04063 0.14583
0 0.66094 0.23698 0.03750 0.14844
0 0.82344 0.59896 0.03750 0.12240
0 0.35469 0.55469 0.03438 0.14844
0 0.20781 0.53906 0.04063 0.13542
0 0.09219 0.53125 0.03438 0.12500
0 0.90625 0.45833 0.03438 0.12500
1 0.37500 0.44010 0.03125 0.13542
2 0.63125 0.45312 0.01562 0.02604
