0 0.65469 0.54167 0.03594 0.15885
0 0.56719 0.50781 0.03594 0.15365
0 0.72031 0.52083 0.03594 0.14844
0 0.68594 0.45833 0.03438 0.14323
0 0.32500 0.30990 0.02969 0.13542
0 0.37656 0.23438 0.04063 0.13281
0 0.29688 0.64844 0.03906 0.14062
0 0.70312 0.54688 0.04063 0.14323
0 0.20469 0.71094 0.03281 0.14323
0 0.30625 0.39583 0.03125 0.14323
0 0.13594 0.62760 0.04063 0.13021
0 0.10469 0.42708 0.03438 0.12500
0 0.86406 0.51302 0.03438 0.12500
1 0.44844 0.67188 0.03125 0.13542
2 0.28750 0.63281 0.01953 0.03255
