0 0.17344 0.62500 0.03125 0.16146
0 0.29063 0.52865 0.03594 0.15885
0 0.54531 0.40625 0.03594 0.13281
0 0.49219 0.76302 0.04063 0.14583
0 0.56094 0.39062 0.03438 0.15885
0 0.27813 0.32031 0.03438 0.14323
0 0.30469 0.78385 0.03438 0.14323
0 0.29063 0.61458 0.03906 0.14583
0 0.50781 0.38802 0.04063 0.14062
0 0.35469 0.23698 0.04063 0.15104
0 0.84062 0.41927 0.03594 0.13021
0 0.35625 0.18229 0.03438 0.12500
0 0.40156 0.77083 0.03906 0.14062
0 0.72188 0.47396 0.03281 0.13542
0 0.13125 0.46615 0.03438 0.12500
0 0.91406 0.53646 0.03438 0.12500
1 0.44062 0.29948 0.03125 0.13542
2 0.27344 0.61719 0.02344 0.03906
