0 0.60156 0.44531 0.03594 0.14583
0 0.47344 0.55990 0.04063 0.12760
0 0.43281 0.75521 0.03281 0.14062
0 0.15937 0.62760 0.03750 0.11979
0 0.54063 0.77083 0.04063 0.13542
0 0.46875 0.20052 0.03594 0.14583
0 0.65469 0.72135 0.02969 0.14323
0 0.52969 0.36198 0.03750 0.14583
0 0.44688 0.61979 0.03438 0.13021
0 0.27813 0.43490 0.03750 0.13281
0 0.61719 0.53385 0.03438 0.15104
0 0.13281 0.55990 0.03438 0.12500
0 0.85938 0.47135 0.03438 0.12500
1 0.44688 0.34635 0.03125 0.13542
2 0.53125 0.73177 0.02344 0.03906
