0 0.39062 0.69010 0.03906 0.16146
0 0.48906 0.25521 0.04063 0.13021
0 0.38594 0.77604 0.03594 0.13281
0 0.43906 0.56510 0.03438 0.14583
0 0.52969 0.70833 0.04063 0.15885
0 0.69063 0.53125 0.03438 0.15885
0 0.77656 0.16667 0.03594 0.14583
0 0.21250 0.43229 0.03438 0.11979
0 0.60156 0.47135 0.03438 0.13802
0 0.70156 0.19010 0.03906 0.13281
0 0.54375 0.57552 0.03750 0.13021
0 0.78125 0.60938 0.03281 0.12240
0 0.58281 0.78646 0.02969 0.13542
0 0.13906 0.44792 0.03594 0.15365
0 0.09219 0.48958 0.03438 0.12500
0 0.87969 0.48958 0.03438 0.12500
1 0.53281 0.72396 0.03125 0.13542
2 0.67656 0.52083 0.02344 0.03906
