0 0.82031 0.38021 0.02969 0.15625
0 0.18438 0.25000 0.03281 0.15104
0 0.80156 0.69010 0.04063 0.14844
0 0.19687 0.68229 0.03750 0.11979
0 0.33594 0.51302 0.02969 0.15625
0 0.41875 0.60417 0.03438 0.15104
0 0.78281 0.58073 0.03594 0.12760
0 0.31094 0.46875 0.02813 0.14583
0 0.61250 0.30208 0.02969 0.15625
0 0.68437 0.35677 0.03750 0.12760
0 0.23594 0.18490 0.02813 0.14323
0 0.51875 0.23177 0.02969 0.13802
0 0.83437 0.51302 0.03125 0.15104
0 0.48750 0.40104 0.04063 0.15365
0 0.13594 0.54427 0.03438 0.12500
0 0.87344 0.56771 0.03438 0.12500
1 0.49844 0.64323 0.03125 0.13542
2 0.26562 0.76302 0.01953 0.03255
