0 0.14219 0.41927 0.03438 0.11979
0 0.72031 0.29948 0.02969 0.12240
0 0.46250 0.38542 0.02969 0.12240
0 0.83906 0.20052 0.03906 0.12240
0 0.35313 0.42708 0.03125 0.13021
0 0.73750 0.58333 0.03750 0.14844
0 0.83750 0.40885 0.03906 0.15104
0 0.18906 0.60938 0.04063 0.13021
0 0.64687 0.72917 0.03594 0.12760
0 0.26719 0.51302 0.03750 0.16146
0 0.22656 0.64062 0.03281 0.11979
0 0.72969 0.16927 0.03438 0.15625
0 0.66250 0.63542 0.04063 0.15365
0 0.13125 0.48438 0.03438 0.12500
0 0.88125 0.46094 0.03438 0.12500
1 0.51562 0.43750 0.03125 0.13542
2 0.31094 0.39062 0.01562 0.02604
