0 0.45000 0.78125 0.03438 0.12240
0 0.67656 0.40104 0.03281 0.15625
0 0.47969 0.78906 0.03281 0.14844
0 0.20312 0.61198 0.03594 0.14844
0 0.17344 0.41927 0.03438 0.13542
0 0.22187 0.78646 0.03906 0.12500
0 0.65469 0.29688 0.02813 0.12240
0 0.31875 0.23958 0.03281 0.12500
0 0.78750 0.66406 0.04063 0.13542
0 0.59375 0.29948 0.03281 0.14583
0 0.74375 0.25260 0.02813 0.14062
0 0.81094 0.25260 0.03125 0.14062
0 0.76250 0.27083 0.02969 0.11979
0 0.09062 0.42188 0.03438 0.12500
0 0.89375 0.55208 0.03438 0.12500
1 0.64687 0.36458 0.03125 0.13542
2 0.65781 0.42188 0.01562 0.02604
