0 0.59844 0.47917 0.04063 0.14323
0 0.16094 0.30208 0.03750 0.12240
0 0.12969 0.29167 0.03438 0.13542
0 0.73750 0.24740 0.03438 0.14323
0 0.38594 0.23438 0.02813 0.15885
0 0.72188 0.44271 0.03125 0.13021
0 0.42812 0.51042 0.03281 0.16146
0 0.79063 0.60156 0.03594 0.12500
0 0.44219 0.72917 0.02813 0.15365
0 0.13906 0.46094 0.02969 0.14583
0 0.58437 0.44010 0.03750 0.15365
0 0.35625 0.23177 0.03750 0.11979
0 0.38438 0.26823 0.03906 0.14844
0 0.19531 0.44531 0.02969 0.13802
0 0.12031 0.51823 0.03438 0.12500
0 0.89844 0.50781 0.03438 0.12500
1 0.36406 0.47135 0.03125 0.13542
2 0.43438 0.70312 0.01953 0.03255
