0 0.48594 0.17969 0.02813 0.14844
0 0.78906 0.34635 0.02969 0.12500
0 0.61562 0.55208 0.04063 0.15104
0 0.49375 0.54167 0.04063 0.12240
0 0.48438 0.76042 0.03281 0.14583
0 0.60781 0.47135 0.04063 0.13021
0 0.48438 0.22396 0.03594 0.12500
0 0.52812 0.58594 0.03125 0.12240
0 0.32188 0.62760 0.03906 0.15625
0 0.54375 0.50260 0.03125 0.14844
0 0.42188 0.76562 0.03438 0.15104
0 0.11875 0.54948 0.03438 0.12500
0 0.89219 0.53385 0.03438 0.12500
1 0.57188 0.24219 0.03125 0.13542
2 0.69219 0.63802 0.01953 0.03255
