0 0.37031 0.32812 0.03594 0.16146
0 0.82969 0.48698 0.03906 0.12760
0 0.76719 0.63542 0.03906 0.14583
0 0.28750 0.40104 0.03594 0.15365
0 0.16094 0.53125 0.03281 0.13021
0 0.13750 0.32812 0.04063 0.15365
0 0.24688 0.28646 0.03594 0.13802
0 0.42812 0.53385 0.03281 0.15885
0 0.56406 0.59115 0.03594 0.14062
0 0.73438 0.70312 0.03906 0.15885
0 0.49219 0.26823 0.03594 0.13281
0 0.23594 0.63542 0.04063 0.15885
0 0.09531 0.57292 0.03438 0.12500
0 0.91250 0.52865 0.03438 0.12500
1 0.35625 0.55729 0.03125 0.13542
2 0.21406 0.76562 0.01562 0.02604
