0 0.44219 0.67188 0.03594 0.11979
0 0.63125 0.33594 0.03906 0.15885
0 0.30625 0.39323 0.04063 0.15104
0 0.47031 0.27865 0.03750 0.12500
0 0.74219 0.56771 0.03438 0.13802
0 0.69531 0.20312 0.02969 0.14062
0 0.24688 0.40885 0.03125 0.15104
0 0.41250 0.22656 0.02969 0.11979
0 0.37031 0.45052 0.03594 0.14062
0 0.20625 0.24219 0.02969 0.13281
0 0.46875 0.45312 0.04063 0.16146
0 0.45000 0.22396 0.02813 0.12500
0 0.40781 0.52344 0.02969 0.14583
0 0.11563 0.42188 0.03438 0.12500
0 0.88750 0.48958 0.03438 0.12500
1 0.48750 0.72656 0.03125 0.13542
2 0.25469 0.69010 0.02344 0.03906
