0 0.46406 0.61458 0.03438 0.15625
0 0.80000 0.35677 0.03281 0.15104
0 0.80625 0.47656 0.02969 0.13802
0 0.42969 0.53646 0.03594 0.14323
0 0.68437 0.35156 0.02813 0.15104
0 0.34375 0.16146 0.02813 0.15885
0 0.79063 0.75781 0.03438 0.13802
0 0.76562 0.39062 0.03281 0.13542
0 0.62031 0.32292 0.03125 0.12760
0 0.62656 0.58594 0.02813 0.14323
0 0.75469 0.44792 0.02813 0.14844
0 0.70937 0.24219 0.02969 0.14323
0 0.38594 0.65365 0.03750 0.13281
0 0.28437 0.24219 0.04063 0.14844
0 0.12969 0.50521 0.03438 0.12500
0 0.88594 0.55990 0.03438 0.12500
1 0.39844 0.37760 0.03125 0.13542
2 0.57188 0.74479 0.01953 0.03255
