0 0.27031 0.40365 0.03125 0.16146
0 0.43438 0.43490 0.03125 0.15104
0 0.46250 0.27865 0.03906 0.13281
0 0.56875 0.26562 0.03906 0.14323
0 0.23594 0.27865 0.03594 0.15625
0 0.16719 0.73177 0.03594 0.11979
0 0.51250 0.24479 0.03281 0.15104
0 0.57344 0.49219 0.03906 0.15365
0 0.67188 0.48177 0.03750 0.15625
0 0.51562 0.26562 0.02969 0.11979
0 0.76094 0.66146 0.03281 0.14323
0 0.15000 0.33854 0.03281 0.14323
0 0.09375 0.54948 0.03438 0.12500
0 0.90469 0.51562 0.03438 0.12500
1 0.62969 0.72135 0.03125 0.13542
2 0.80000 0.53646 0.02344 0.03906
