0 0.29688 0.54427 0.03594 0.12240
0 0.16406 0.34375 0.03906 0.15885
0 0.35313 0.51302 0.02813 0.12760
0 0.46875 0.24479 0.03438 0.14844
0 0.73594 0.42448 0.03594 0.12240
0 0.16562 0.53385 0.04063 0.13542
0 0.41406 0.52344 0.03438 0.12500
0 0.43281 0.49219 0.03906 0.14062
0 0.78438 0.57031 0.02969 0.13021
0 0.20156 0.41667 0.03594 0.14583
0 0.57031 0.78125 0.03594 0.13021
0 0.09688 0.52083 0.03438 0.12500
0 0.90938 0.48698 0.03438 0.12500
1 0.53281 0.23438 0.03125 0.13542
2 0.22344 0.23177 0.01562 0.02604
