0 0.72656 0.58594 0.03281 0.14323
0 0.40937 0.72917 0.02813 0.14583
0 0.34219 0.23698 0.03594 0.15365
0 0.83594 0.42188 0.03906 0.15104
0 0.39531 0.27865 0.03906 0.15885
0 0.76250 0.50000 0.03438 0.12500
0 0.70625 0.43750 0.02969 0.15365
0 0.60625 0.70312 0.03125 0.14323
0 0.38125 0.22396 0.02969 0.14583
0 0.65312 0.35156 0.03438 0.15625
0 0.60625 0.63281 0.03750 0.13281
0 0.12187 0.47917 0.03438 0.12500
0 0.90312 0.42708 0.03438 0.12500
1 0.62344 0.44271 0.03125 0.13542
2 0.67812 0.49740 0.01953 0.03255
