0 0.58125 0.50260 0.03125 0.15104
0 0.25938 0.24740 0.03438 0.14323
0 0.33906 0.48438 0.03125 0.12500
0 0.25781 0.44531 0.03438 0.15365
0 0.36406 0.47656 0.02969 0.14844
0 0.32188 0.63542 0.03906 0.13542
0 0.49062 0.22656 0.03125 0.14323
0 0.12969 0.78646 0.03750 0.14583
0 0.79688 0.56771 0.03750 0.14583
0 0.47656 0.37760 0.03750 0.13021
0 0.36406 0.36979 0.03281 0.15885
0 0.10938 0.45052 0.03438 0.12500
0 0.89844 0.47396 0.03438 0.12500
1 0.44844 0.69792 0.03125 0.13542
2 0.74219 0.63021 0.01953 0.03255
