0 0.66563 0.25000 0.02969 0.16146
0 0.57500 0.16146 0.03125 0.15625
0 0.40469 0.63542 0.03281 0.13021
0 0.45312 0.56510 0.03906 0.13542
0 0.19375 0.75260 0.02969 0.13021
0 0.72656 0.23698 0.03750 0.14844
0 0.46719 0.36458 0.03125 0.13802
0 0.64062 0.21094 0.03281 0.14323
0 0.74687 0.78125 0.02813 0.14323
0 0.28906 0.50000 0.04063 0.13542
0 0.72188 0.41667 0.03438 0.12240
0 0.75156 0.75260 0.03281 0.15885
0 0.43281 0.22917 0.03281 0.15885
0 0.14062 0.52083 0.03438 0.12500
0 0.86562 0.50781 0.03438 0.12500
1 0.33750 0.44792 0.03125 0.13542
2 0.44062 0.29427 0.01953 0.03255
