0 0.21406 0.53646 0.02969 0.14062
0 0.74375 0.51823 0.03594 0.12240
0 0.73281 0.63542 0.03906 0.13542
0 0.46406 0.22396 0.03281 0.14323
0 0.82344 0.17708 0.03906 0.14062
0 0.40313 0.72917 0.02969 0.15625
0 0.81719 0.23438 0.03281 0.13542
0 0.59531 0.61458 0.03594 0.15365
0 0.25625 0.56510 0.03125 0.13542
0 0.77500 0.29167 0.02813 0.14844
0 0.55000 0.34115 0.04063 0.13281
0 0.38281 0.62500 0.03438 0.14323
0 0.58281 0.33333 0.04063 0.12760
0 0.23281 0.65625 0.03750 0.12240
0 0.10469 0.56510 0.03438 0.12500
0 0.87187 0.53646 0.03438 0.12500
1 0.38438 0.37240 0.03125 0.13542
2 0.30312 0.68229 0.01953 0.03255
