0 0.22969 0.77344 0.03438 0.15625
0 0.82812 0.61979 0.03906 0.12760
0 0.14688 0.57552 0.03281 0.13281
0 0.37344 0.52344 0.02813 0.15365
0 0.19844 0.30469 0.02969 0.15625
0 0.21875 0.58594 0.03125 0.15885
0 0.69688 0.34896 0.04063 0.14062
0 0.79219 0.47656 0.03906 0.13802
0 0.48906 0.52344 0.03125 0.15104
0 0.27656 0.76823 0.04063 0.13021
0 0.81563 0.20052 0.03438 0.15365
0 0.39687 0.77865 0.04063 0.14062
0 0.78125 0.15625 0.03438 0.14323
0 0.13594 0.51823 0.03438 0.12500
0 0.90781 0.56510 0.03438 0.12500
1 0.39219 0.50521 0.03125 0.13542
2 0.61719 0.52865 0.01953 0.03255
