0 0.33594 0.19010 0.03125 0.15365
0 0.54531 0.23177 0.02969 0.15885
0 0.48281 0.67448 0.03594 0.16146
0 0.59844 0.22656 0.03906 0.16146
0 0.30156 0.78646 0.02813 0.16146
0 0.49062 0.58333 0.02813 0.12240
0 0.50781 0.71875 0.03750 0.15365
0 0.67344 0.22656 0.03906 0.15625
0 0.18281 0.75521 0.02969 0.14583
0 0.61094 0.25260 0.02969 0.13021
0 0.34375 0.57031 0.04063 0.14583
0 0.11563 0.52083 0.03438 0.12500
0 0.91094 0.46875 0.03438 0.12500
1 0.51406 0.54427 0.03125 0.13542
2 0.67031 0.49479 0.01562 0.02604
