0 0.81094 0.62760 0.03125 0.15625
0 0.17031 0.52865 0.03750 0.15365
0 0.57031 0.50781 0.03125 0.15104
0 0.31875 0.32552 0.03281 0.14583
0 0.64219 0.20833 0.03906 0.14844
0 0.19844 0.51302 0.03281 0.12240
0 0.42656 0.60417 0.02813 0.12500
0 0.27500 0.69010 0.04063 0.13542
0 0.50781 0.29427 0.03594 0.14323
0 0.13594 0.29688 0.03281 0.12760
0 0.72188 0.65885 0.03906 0.13802
0 0.68125 0.55729 0.03281 0.15104
0 0.10156 0.51302 0.03438 0.12500
0 0.89062 0.54948 0.03438 0.12500
1 0.44531 0.46094 0.03125 0.13542
2 0.55937 0.56250 0.02344 0.03906
