0 0.14531 0.43229 0.02813 0.15104
0 0.52656 0.40365 0.03281 0.15104
0 0.18906 0.40365 0.03281 0.11979
0 0.37969 0.77604 0.02969 0.14583
0 0.75781 0.25260 0.03125 0.12240
0 0.35313 0.76562 0.03906 0.13021
0 0.50000 0.45312 0.02813 0.12500
0 0.13906 0.32552 0.03281 0.13021
0 0.56250 0.78125 0.04063 0.15365
0 0.21250 0.67188 0.03438 0.13802
0 0.36562 0.23698 0.02813 0.13802
0 0.45937 0.58073 0.03906 0.12500
0 0.21250 0.71354 0.03906 0.11979
0 0.14062 0.50521 0.03438 0.12500
0 0.91563 0.46094 0.03438 0.12500
1 0.61875 0.30208 0.03125 0.13542
2 0.42031 0.49219 0.01562 0.02604
