0 0.38750 0.21875 0.04063 0.15104
0 0.35156 0.32292 0.03125 0.14583
0 0.18906 0.54427 0.03125 0.14844
0 0.37188 0.59115 0.03750 0.13021
0 0.60000 0.62760 0.02969 0.14323
0 0.42500 0.58333 0.03594 0.13021
0 0.66094 0.62240 0.04063 0.12500
0 0.64062 0.60156 0.03750 0.16146
0 0.41406 0.16667 0.03594 0.14323
0 0.26875 0.78906 0.03281 0.14583
0 0.73750 0.47917 0.03281 0.13802
0 0.23438 0.25781 0.02969 0.14323
0 0.08750 0.50521 0.03438 0.12500
0 0.91250 0.55990 0.03438 0.12500
1 0.62813 0.55729 0.03125 0.13542
2 0.21719 0.64844 0.01953 0.03255
