0 0.33594 0.59635 0.02969 0.13281
0 0.31562 0.27083 0.04063 0.12500
0 0.25000 0.15625 0.03750 0.15625
0 0.67500 0.55208 0.03906 0.14323
0 0.15000 0.30990 0.03438 0.14323
0 0.81250 0.45833 0.02969 0.13802
0 0.33594 0.67969 0.03281 0.15365
0 0.21563 0.51823 0.03281 0.13021
0 0.33750 0.70573 0.03125 0.12500
0 0.17188 0.26562 0.03438 0.14323
0 0.47500 0.23698 0.03906 0.14323
0 0.68437 0.42448 0.03438 0.16146
0 0.13125 0.50260 0.03438 0.12500
0 0.90312 0.43490 0.03438 0.12500
1 0.57188 0.23438 0.03125 0.13542
2 0.53281 0.69792 0.01953 0.03255
