0 0.36094 0.40104 0.03281 0.13802
0 0.23125 0.47396 0.03125 0.15625
0 0.72188 0.55990 0.03594 0.15365
0 0.68594 0.52083 0.03906 0.13542
0 0.73438 0.32031 0.02969 0.16146
0 0.48125 0.50781 0.03594 0.12500
0 0.57500 0.22917 0.02813 0.16146
0 0.58281 0.51302 0.03125 0.13281
0 0.38594 0.72396 0.04063 0.15625
0 0.21719 0.60938 0.03281 0.15885
0 0.19687 0.75521 0.04063 0.15625
0 0.77187 0.19271 0.03906 0.13021
0 0.12812 0.48958 0.03438 0.12500
0 0.90469 0.51562 0.03438 0.12500
1 0.35469 0.58073 0.03125 0.13542
2 0.55625 0.65625 0.01953 0.03255
