0 0.77187 0.60938 0.03594 0.14844
0 0.69219 0.19792 0.04063 0.14323
0 0.83750 0.35417 0.03125 0.13281
0 0.75938 0.39583 0.04063 0.13802
0 0.22187 0.28906 0.03125 0.13802
0 0.14531 0.39583 0.04063 0.14844
0 0.49844 0.69010 0.04063 0.13021
0 0.61406 0.74479 0.02969 0.12500
0 0.37188 0.41927 0.03906 0.16146
0 0.45312 0.66667 0.03750 0.12500
0 0.22500 0.36719 0.02969 0.15625
0 0.12344 0.53385 0.03438 0.12500
0 0.91094 0.47917 0.03438 0.12500
1 0.38281 0.76042 0.03125 0.13542
2 0.81094 0.57552 0.02344 0.03906
