0 0.27813 0.62500 0.02969 0.12240
0 0.65312 0.30729 0.03438 0.12500
0 0.80781 0.30990 0.02969 0.15104
0 0.34687 0.45833 0.03594 0.13281
0 0.42031 0.39062 0.03281 0.14062
0 0.68594 0.77865 0.02969 0.13281
0 0.55156 0.64062 0.03281 0.13281
0 0.42812 0.33594 0.04063 0.13802
0 0.67188 0.37240 0.02813 0.13802
0 0.78125 0.17708 0.03594 0.15104
0 0.33906 0.19792 0.03281 0.14583
0 0.29375 0.59115 0.03906 0.15104
0 0.83125 0.76562 0.03906 0.13021
0 0.10312 0.44271 0.03438 0.12500
0 0.88281 0.54427 0.03438 0.12500
1 0.55625 0.56510 0.03125 0.13542
2 0.39687 0.70573 0.02344 0.03906
