0 0.56094 0.68750 0.03281 0.15885
0 0.30000 0.33594 0.03750 0.15885
0 0.14688 0.41406 0.03594 0.15104
0 0.70312 0.26562 0.03906 0.13021
0 0.62187 0.51042 0.02813 0.15104
0 0.59844 0.53125 0.02813 0.12500
0 0.63906 0.44010 0.03125 0.15625
0 0.16406 0.32812 0.03750 0.14583
0 0.29375 0.45833 0.03594 0.14583
0 0.73281 0.74219 0.03750 0.14062
0 0.72656 0.78906 0.03750 0.14062
0 0.79219 0.20833 0.03906 0.11979
0 0.13125 0.42969 0.03438 0.12500
0 0.89375 0.45833 0.03438 0.12500
1 0.59219 0.25260 0.03125 0.13542
2 0.81094 0.64062 0.01562 0.02604
