0 0.57500 0.58594 0.03750 0.14583
0 0.76094 0.44271 0.02969 0.11979
0 0.20312 0.32812 0.03281 0.16146
0 0.72188 0.50000 0.04063 0.13802
0 0.48125 0.40365 0.03750 0.15625
0 0.59531 0.61458 0.04063 0.13021
0 0.40000 0.17188 0.03906 0.12760
0 0.36094 0.43229 0.02969 0.12760
0 0.78906 0.78125 0.03125 0.14844
0 0.37344 0.38281 0.03906 0.13542
0 0.54063 0.47656 0.03594 0.15885
0 0.20156 0.44792 0.03906 0.14583
0 0.08438 0.47135 0.03438 0.12500
0 0.86250 0.55469 0.03438 0.12500
1 0.61562 0.28385 0.03125 0.13542
2 0.20469 0.77344 0.01953 0.03255
