0 0.16250 0.66406 0.02813 0.15365
0 0.23438 0.71615 0.03281 0.12500
0 0.69063 0.25521 0.02813 0.13542
0 0.52812 0.45833 0.03594 0.12240
0 0.61875 0.58073 0.03906 0.15885
0 0.13750 0.15885 0.04063 0.15365
0 0.13437 0.16667 0.04063 0.14062
0 0.35313 0.16667 0.04063 0.15365
0 0.76875 0.78125 0.03125 0.12760
0 0.20156 0.50521 0.03125 0.13802
0 0.27813 0.56771 0.04063 0.14062
0 0.77656 0.39062 0.03438 0.15104
0 0.18750 0.40365 0.03750 0.15625
0 0.57656 0.31771 0.03281 0.14323
0 0.08594 0.52865 0.03438 0.12500
0 0.86250 0.43490 0.03438 0.12500
1 0.49375 0.46094 0.03125 0.13542
2 0.48906 0.57552 0.01953 0.03255
