0 0.56563 0.66406 0.04063 0.15104
0 0.48906 0.77604 0.03594 0.13542
0 0.68281 0.31510 0.03750 0.13802
0 0.80937 0.67188 0.03750 0.12240
0 0.37812 0.65104 0.03906 0.15104
0 0.43281 0.59635 0.03125 0.15885
0 0.22500 0.48958 0.03594 0.12760
0 0.82344 0.71875 0.03906 0.12760
0 0.54531 0.76302 0.03906 0.11979
0 0.70156 0.25000 0.03750 0.13021
0 0.18438 0.46875 0.03438 0.14583
0 0.13906 0.53646 0.03438 0.12500
0 0.89844 0.52865 0.03438 0.12500
1 0.36406 0.42708 0.03125 0.13542
2 0.72656 0.77865 0.02344 0.03906
