0 0.75000 0.31771 0.03594 0.15104
0 0.34844 0.70052 0.03750 0.14844
0 0.21563 0.77604 0.03281 0.13281
0 0.67031 0.66667 0.04063 0.11979
0 0.70625 0.46354 0.03281 0.15625
0 0.76250 0.34896 0.02969 0.15365
0 0.66250 0.48698 0.03125 0.14323
0 0.32656 0.59375 0.03125 0.15365
0 0.75625 0.40625 0.02969 0.15625
0 0.60313 0.47396 0.03750 0.16146
0 0.82031 0.61719 0.03750 0.12240
0 0.75625 0.39583 0.04063 0.12500
0 0.08750 0.54948 0.03438 0.12500
0 0.88281 0.53125 0.03438 0.12500
1 0.59844 0.44271 0.03125 0.13542
2 0.32031 0.63802 0.02344 0.03906
