0 0.58750 0.55208 0.02813 0.12500
0 0.45937 0.59375 0.04063 0.14583
0 0.33281 0.29167 0.03594 0.13802
0 0.33594 0.41927 0.03125 0.14323
0 0.49062 0.36458 0.02969 0.11979
0 0.62187 0.53125 0.02969 0.12500
0 0.55469 0.29688 0.04063 0.14062
0 0.22969 0.77604 0.03594 0.12500
0 0.82812 0.31771 0.03594 0.14323
0 0.25000 0.44792 0.04063 0.14323
0 0.61406 0.69271 0.04063 0.11979
0 0.13281 0.47135 0.03438 0.12500
0 0.86875 0.57812 0.03438 0.12500
1 0.38594 0.38281 0.03125 0.13542
2 0.27969 0.27865 0.02344 0.03906
