0 0.63281 0.75000 0.03906 0.13021
0 0.47187 0.27344 0.04063 0.14062
0 0.61719 0.69271 0.04063 0.15885
0 0.49688 0.44531 0.03438 0.14583
0 0.80625 0.31771 0.02969 0.14062
0 0.82969 0.45573 0.03281 0.15625
0 0.61250 0.60156 0.03750 0.14583
0 0.14688 0.48438 0.03594 0.13281
0 0.51406 0.29688 0.03594 0.14062
0 0.39687 0.34115 0.03438 0.11979
0 0.53750 0.78646 0.03281 0.12500
0 0.31719 0.63542 0.03750 0.15885
0 0.56875 0.66146 0.03281 0.15885
0 0.12656 0.49479 0.03438 0.12500
0 0.86094 0.43490 0.03438 0.12500
1 0.45000 0.35417 0.03125 0.13542
2 0.51094 0.66927 0.01562 0.02604
