0 0.27031 0.66667 0.03125 0.15365
0 0.52656 0.76302 0.02813 0.12760
0 0.53906 0.25781 0.03438 0.13281
0 0.25312 0.36979 0.03281 0.14844
0 0.53906 0.75260 0.03438 0.12500
0 0.32500 0.28646 0.04063 0.14062
0 0.22500 0.57292 0.03438 0.12500
0 0.63750 0.26823 0.03125 0.13281
0 0.65156 0.57031 0.03594 0.12240
0 0.78438 0.73177 0.02813 0.12500
0 0.16094 0.78646 0.03438 0.13542
0 0.73750 0.53646 0.03750 0.11979
0 0.52187 0.74740 0.04063 0.14323
0 0.63750 0.79167 0.03438 0.15885
0 0.10156 0.55469 0.03438 0.12500
0 0.89844 0.47135 0.03438 0.12500
1 0.51406 0.25521 0.03125 0.13542
2 0.73750 0.24740 0.01562 0.02604
