0 0.73281 0.71615 0.03750 0.15885
0 0.23750 0.53906 0.03438 0.15365
0 0.42500 0.45573 0.02969 0.12500
0 0.44688 0.49740 0.03438 0.14844
0 0.48750 0.78906 0.03906 0.14583
0 0.12656 0.73438 0.02969 0.15625
0 0.63281 0.59896 0.03594 0.12500
0 0.76094 0.51042 0.03750 0.13542
0 0.46719 0.70573 0.03281 0.15885
0 0.33906 0.36979 0.03438 0.14583
0 0.56250 0.53906 0.03125 0.15885
0 0.75469 0.38281 0.02813 0.12240
0 0.08750 0.52604 0.03438 0.12500
0 0.90469 0.42448 0.03438 0.12500
1 0.38125 0.31250 0.03125 0.13542
2 0.53906 0.51042 0.01562 0.02604
