0 0.22969 0.55208 0.03750 0.13021
0 0.25469 0.27604 0.03125 0.15625
0 0.15937 0.42969 0.03594 0.13802
0 0.47969 0.56250 0.03438 0.15625
0 0.31094 0.51042 0.03281 0.14323
0 0.77187 0.67708 0.03906 0.13542
0 0.41875 0.60677 0.03906 0.15625
0 0.74687 0.40885 0.04063 0.16146
0 0.45937 0.26302 0.03281 0.13021
0 0.82188 0.32292 0.02813 0.15885
0 0.82344 0.40365 0.04063 0.12760
0 0.69375 0.71875 0.04063 0.12760
0 0.35156 0.21094 0.03125 0.14062
0 0.12187 0.57031 0.03438 0.12500
0 0.90938 0.44531 0.03438 0.12500
1 0.66406 0.49740 0.03125 0.13542
2 0.25938 0.35417 0.01953 0.03255
