0 0.21094 0.60677 0.03125 0.13802
0 0.53750 0.27083 0.04063 0.13281
0 0.38906 0.52865 0.03750 0.15625
0 0.30938 0.68750 0.03750 0.13281
0 0.27344 0.58073 0.03750 0.15104
0 0.14688 0.64583 0.03281 0.15625
0 0.59844 0.44010 0.03750 0.11979
0 0.29531 0.29167 0.03438 0.12500
0 0.58594 0.22396 0.04063 0.13281
0 0.41719 0.37240 0.03281 0.15625
0 0.21563 0.33073 0.03906 0.16146
0 0.63594 0.36458 0.03750 0.15104
0 0.59375 0.23177 0.03594 0.14844
0 0.80000 0.46094 0.03125 0.14323
0 0.13906 0.51823 0.03438 0.12500
0 0.86719 0.53385 0.03438 0.12500
1 0.38594 0.41667 0.03125 0.13542
2 0.28125 0.36719 0.01953 0.03255
