0 0.84219 0.54427 0.03750 0.14844
0 0.30000 0.24740 0.04063 0.15885
0 0.19687 0.65885 0.02813 0.12760
0 0.24688 0.57292 0.03125 0.15365
0 0.60156 0.19792 0.03750 0.15104
0 0.60156 0.46615 0.04063 0.14062
0 0.81250 0.78385 0.02813 0.12760
0 0.67031 0.74479 0.04063 0.14062
0 0.73906 0.58333 0.03594 0.12760
0 0.35938 0.44531 0.03125 0.15625
0 0.12656 0.79167 0.03438 0.16146
0 0.73438 0.27344 0.04063 0.12760
0 0.82031 0.57292 0.03438 0.16146
0 0.13750 0.45312 0.03438 0.12500
0 0.87344 0.48177 0.03438 0.12500
1 0.63750 0.31510 0.03125 0.13542
2 0.61875 0.72656 0.02344 0.03906
