0 0.32500 0.17188 0.02969 0.13802
0 0.66406 0.71354 0.02813 0.14062
0 0.58594 0.18229 0.03125 0.15885
0 0.53906 0.58854 0.03906 0.14062
0 0.26875 0.54427 0.03750 0.15885
0 0.19687 0.46875 0.03594 0.15365
0 0.39062 0.36979 0.02969 0.13281
0 0.45312 0.61719 0.03906 0.14323
0 0.65469 0.78385 0.03750 0.12240
0 0.48750 0.21354 0.03594 0.14062
0 0.38281 0.23177 0.03750 0.16146
0 0.78438 0.15625 0.04063 0.15625
0 0.45469 0.19010 0.03281 0.16146
0 0.11406 0.52344 0.03438 0.12500
0 0.90781 0.52604 0.03438 0.12500
1 0.50938 0.71354 0.03125 0.13542
2 0.22812 0.34375 0.01953 0.03255
