0 0.32188 0.28906 0.02813 0.13021
0 0.31562 0.23958 0.03906 0.12760
0 0.57500 0.78646 0.03281 0.15625
0 0.68437 0.32552 0.03594 0.13281
0 0.60938 0.55990 0.02969 0.13281
0 0.21094 0.54167 0.02813 0.14323
0 0.58437 0.60677 0.03750 0.15104
0 0.69688 0.28646 0.02969 0.13802
0 0.20625 0.61979 0.03438 0.12760
0 0.76094 0.53125 0.02813 0.14844
0 0.55000 0.44010 0.03594 0.12500
0 0.12812 0.52865 0.03438 0.12500
0 0.89219 0.42188 0.03438 0.12500
1 0.50000 0.75521 0.03125 0.13542
2 0.57812 0.27865 0.01953 0.03255
