0 0.75781 0.78646 0.02813 0.12500
0 0.66094 0.58073 0.03750 0.14844
0 0.53438 0.69010 0.03125 0.11979
0 0.23906 0.72135 0.03906 0.12240
0 0.22500 0.20052 0.03281 0.14844
0 0.41406 0.41146 0.02813 0.13021
0 0.66719 0.45573 0.03594 0.14844
0 0.73438 0.20573 0.03125 0.16146
0 0.41719 0.41927 0.03594 0.14062
0 0.32344 0.23177 0.02813 0.13281
0 0.52344 0.50000 0.03750 0.12760
0 0.33437 0.67188 0.03438 0.15625
0 0.29531 0.56250 0.03438 0.15885
0 0.09688 0.44010 0.03438 0.12500
0 0.87187 0.56250 0.03438 0.12500
1 0.36094 0.50781 0.03125 0.13542
2 0.32500 0.68229 0.01953 0.03255
