0 0.21406 0.17188 0.03438 0.13802
0 0.30312 0.24740 0.02969 0.12500
0 0.59688 0.43750 0.02813 0.11979
0 0.19844 0.29948 0.03281 0.16146
0 0.60625 0.17188 0.04063 0.13542
0 0.69688 0.58854 0.04063 0.15365
0 0.30000 0.45312 0.03438 0.11979
0 0.68281 0.43750 0.03594 0.14062
0 0.24844 0.29948 0.03594 0.12760
0 0.19844 0.40885 0.02969 0.14844
0 0.80156 0.38542 0.03438 0.12240
0 0.70781 0.46094 0.04063 0.12760
0 0.11563 0.43490 0.03438 0.12500
0 0.91406 0.46875 0.03438 0.12500
1 0.66406 0.62500 0.03125 0.13542
2 0.68125 0.78125 0.01953 0.03255
