0 0.45625 0.47656 0.03906 0.13542
0 0.39687 0.55990 0.03125 0.14583
0 0.81406 0.63281 0.03594 0.14844
0 0.44375 0.24219 0.03594 0.16146
0 0.57344 0.22656 0.03594 0.13802
0 0.49688 0.23698 0.03438 0.15625
0 0.23750 0.21875 0.02813 0.14323
0 0.43125 0.73177 0.03750 0.13802
0 0.81719 0.75521 0.03125 0.14583
0 0.58594 0.63542 0.03594 0.13542
0 0.73438 0.26042 0.03906 0.16146
0 0.12344 0.50260 0.03438 0.12500
0 0.88906 0.50260 0.03438 0.12500
1 0.34063 0.26823 0.03125 0.13542
2 0.50156 0.54427 0.01953 0.03255
