0 0.28594 0.61458 0.03125 0.14323
0 0.25156 0.73698 0.03438 0.12500
0 0.64844 0.39583 0.03438 0.12500
0 0.42188 0.59896 0.03125 0.12240
0 0.44062 0.57292 0.03438 0.13802
0 0.46719 0.59115 0.02969 0.12760
0 0.29531 0.47396 0.02969 0.13021
0 0.59844 0.30469 0.04063 0.15625
0 0.13125 0.16146 0.03594 0.12760
0 0.81250 0.43750 0.03125 0.15885
0 0.18125 0.30729 0.03750 0.12500
0 0.08750 0.43750 0.03438 0.12500
0 0.89062 0.48177 0.03438 0.12500
1 0.45156 0.29948 0.03125 0.13542
2 0.49219 0.72396 0.01562 0.02604
