0 0.63438 0.16146 0.03125 0.12500
0 0.52344 0.71875 0.03750 0.14583
0 0.57656 0.72656 0.02969 0.16146
0 0.15781 0.30729 0.03281 0.15885
0 0.34063 0.18490 0.02969 0.14062
0 0.57500 0.59375 0.02813 0.13281
0 0.80469 0.36458 0.02813 0.13542
0 0.59375 0.25000 0.03750 0.12500
0 0.36406 0.26302 0.03281 0.15104
0 0.66563 0.75260 0.04063 0.14583
0 0.43125 0.65885 0.03125 0.12500
0 0.52500 0.65104 0.03594 0.12240
0 0.08750 0.49219 0.03438 0.12500
0 0.88125 0.55990 0.03438 0.12500
1 0.36250 0.43490 0.03125 0.13542
2 0.67031 0.71875 0.02344 0.03906
