0 0.54219 0.50000 0.03438 0.13281
0 0.42188 0.23958 0.03438 0.12760
0 0.74062 0.75521 0.02813 0.14583
0 0.77031 0.44010 0.03438 0.16146
0 0.17500 0.33073 0.02969 0.15885
0 0.48906 0.49479 0.03594 0.12240
0 0.81094 0.53385 0.03125 0.14844
0 0.25000 0.32552 0.02969 0.12760
0 0.30625 0.64844 0.04063 0.11979
0 0.15937 0.72656 0.02813 0.13802
0 0.16094 0.46875 0.03594 0.15104
0 0.24375 0.27344 0.02813 0.15365
0 0.10000 0.47396 0.03438 0.12500
0 0.88281 0.48958 0.03438 0.12500
1 0.62031 0.41927 0.03125 0.13542
2 0.40313 0.75781 0.01562 0.02604
