0 0.24844 0.33594 0.03438 0.13542
0 0.69844 0.38281 0.03281 0.14062
0 0.52812 0.48177 0.03438 0.12240
0 0.19844 0.57812 0.03750 0.14062
0 0.15937 0.15625 0.03594 0.13021
0 0.63438 0.33073 0.03125 0.15625
0 0.56563 0.62500 0.03750 0.11979
0 0.18438 0.78385 0.03125 0.12240
0 0.79219 0.40104 0.04063 0.13021
0 0.46875 0.23958 0.02813 0.14323
0 0.41563 0.75521 0.02813 0.14844
0 0.29219 0.60938 0.03281 0.12760
0 0.11250 0.54948 0.03438 0.12500
0 0.91406 0.56771 0.03438 0.12500
1 0.49531 0.61979 0.03125 0.13542
2 0.78594 0.30990 0.01562 0.02604
