0 0.31562 0.31771 0.02813 0.16146
0 0.30469 0.58073 0.03281 0.12240
0 0.20469 0.42969 0.03594 0.15885
0 0.20469 0.60938 0.03125 0.11979
0 0.56406 0.77344 0.03125 0.15365
0 0.64687 0.77865 0.03906 0.15885
0 0.64531 0.28906 0.03438 0.14583
0 0.64062 0.19531 0.02969 0.13802
0 0.55156 0.64844 0.02813 0.13281
0 0.45781 0.74219 0.03125 0.12240
0 0.79375 0.41927 0.03906 0.13281
0 0.72344 0.73698 0.03438 0.12240
0 0.13125 0.35417 0.02969 0.14583
0 0.10625 0.49740 0.03438 0.12500
0 0.91250 0.50781 0.03438 0.12500
1 0.52969 0.29688 0.03125 0.13542
2 0.59062 0.51823 0.01953 0.03255
