0 0.40625 0.31510 0.03750 0.13281
0 0.65625 0.60156 0.02969 0.16146
0 0.41250 0.20052 0.04063 0.16146
0 0.75313 0.49219 0.04063 0.11979
0 0.43594 0.73698 0.03906 0.12240
0 0.63281 0.41406 0.03594 0.14062
0 0.72188 0.16667 0.03594 0.12500
0 0.31719 0.64323 0.02969 0.14583
0 0.23125 0.18490 0.03594 0.14583
0 0.77500 0.58333 0.03125 0.15625
0 0.68125 0.47396 0.03125 0.13021
0 0.17500 0.63281 0.03906 0.12240
0 0.35938 0.28906 0.02813 0.13542
0 0.08125 0.47396 0.03438 0.12500
0 0.88906 0.50521 0.03438 0.12500
1 0.49062 0.75000 0.03125 0.13542
2 0.62187 0.52344 0.01953 0.03255
