0 0.73594 0.22917 0.02813 0.15365
0 0.61562 0.66667 0.02813 0.13802
0 0.28906 0.20052 0.02969 0.12240
0 0.48125 0.55469 0.02813 0.13802
0 0.71719 0.18490 0.03750 0.15625
0 0.31094 0.51562 0.03281 0.12240
0 0.23594 0.48958 0.03438 0.13802
0 0.58437 0.36719 0.03594 0.13802
0 0.36562 0.73958 0.03125 0.16146
0 0.30156 0.42969 0.03438 0.14062
0 0.17344 0.52604 0.03125 0.15365
0 0.56875 0.48438 0.02813 0.14844
0 0.63906 0.60156 0.03750 0.16146
0 0.37969 0.61979 0.03750 0.15365
0 0.09219 0.47135 0.03438 0.12500
0 0.89687 0.45052 0.03438 0.12500
1 0.63438 0.56510 0.03125 0.13542
2 0.56563 0.36719 0.01562 0.02604
