0 0.64844 0.36979 0.03906 0.15625
0 0.47813 0.60417 0.03281 0.16146
0 0.50313 0.68490 0.03125 0.12500
0 0.35156 0.49740 0.03594 0.12500
0 0.77969 0.78906 0.03281 0.14323
0 0.30469 0.69271 0.03281 0.13021
0 0.14375 0.18490 0.03281 0.15885
0 0.80469 0.66667 0.02969 0.15625
0 0.45625 0.74479 0.03281 0.15104
0 0.52031 0.42188 0.03281 0.13021
0 0.64844 0.61458 0.02813 0.12760
0 0.74687 0.43750 0.03281 0.13281
0 0.76719 0.61979 0.04063 0.15625
0 0.16406 0.52604 0.03281 0.12760
0 0.12344 0.44271 0.03438 0.12500
0 0.90469 0.53125 0.03438 0.12500
1 0.54375 0.58073 0.03125 0.13542
2 0.66250 0.41927 0.01953 0.03255
